
     0.249      0.111      0.467      0.772      0.658 
     0.111      0.433      0.354      0.944      0.101 
     0.467      0.354      0.642     0.0286      0.248 
     0.772      0.944     0.0286       0.32       0.99 
     0.658      0.101      0.248       0.99      0.682 

     0.451     0.0921      0.581       1.21      0.537 
    0.0921       0.23    -0.0799      0.122     -0.393 
     0.581    -0.0799      0.642     0.0286      0.248 
      1.21      0.122     0.0286       0.32       0.99 
     0.537     -0.393      0.248       0.99      0.682 
