rmax: 0, dr: 0
Matrix A
     0.249      0.111      0.467      0.772      0.658 
     0.111      0.433      0.354      0.944      0.101 
     0.467      0.354      0.642     0.0286      0.248 
     0.772      0.944     0.0286       0.32       0.99 
     0.658      0.101      0.248       0.99      0.682 
Matrix V
     0.323     -0.772      0.332     0.0459      0.433 
     0.476     0.0822     -0.773      0.194      0.363 
    -0.222      0.207      0.232      0.886      0.264 
    -0.728     -0.112     -0.258     -0.259      0.569 
     0.299      0.585      0.415      -0.33      0.536 

Vector w
     0.323     0.0822      0.232     -0.259      0.536 
Diagonal Matrix D

     -1.04    2.5e-16  -0.000204  -0.000139   -5.4e-06 
  9.71e-17     -0.274   0.000607   5.17e-05  -1.17e-08 
 -0.000204   0.000607       0.54  -4.16e-17    0.00107 
 -0.000139   5.17e-05          0      0.643   0.000995 
  -5.4e-06  -1.17e-08    0.00107   0.000995       2.45 

V*D*V_transpose

     0.249      0.111      0.467      0.772      0.658 
     0.111      0.433      0.354      0.944      0.101 
     0.467      0.354      0.642     0.0286      0.248 
     0.772      0.944     0.0286       0.32       0.99 
     0.658      0.101      0.248       0.99      0.682 
Does VDV_transpose=A?
True

         1   1.11e-16   6.94e-17   2.78e-17   8.33e-17 
  1.11e-16          1   2.78e-17   1.39e-16          0 
  6.94e-17   2.78e-17          1   1.39e-16          0 
  2.78e-17   1.39e-16   1.39e-16          1   1.94e-16 
  8.33e-17          0          0   1.94e-16          1 
Does V_transpose*V = Identity Matrix?
True

         1  -5.55e-17   1.25e-16  -2.78e-17   3.05e-16 
 -5.55e-17          1   1.39e-17   1.94e-16  -5.55e-17 
  1.25e-16   1.39e-17          1  -1.67e-16   8.33e-17 
 -2.78e-17   1.94e-16  -1.67e-16          1  -1.11e-16 
  3.05e-16  -5.55e-17   8.33e-17  -1.11e-16          1 
Does V*V_transpose = Identity Matrix?
True
