
     0.249      0.111      0.467      0.772      0.658 
     0.111      0.433      0.354      0.944      0.101 
     0.467      0.354      0.642     0.0286      0.248 
     0.772      0.944     0.0286       0.32       0.99 
     0.658      0.101      0.248       0.99      0.682 

<<<<<<< HEAD
     0.249      0.111      0.467      0.772      0.658 
     0.111      0.433      0.354      0.944      0.101 
     0.467      0.354      0.642     0.0286      0.248 
     0.772      0.944     0.0286       0.32       0.99 
     0.658      0.101      0.248       0.99      0.682 

     0.323     -0.772      0.331     0.0456      0.433 
     0.476     0.0828     -0.773      0.194      0.363 
    -0.222      0.207      0.232      0.886      0.265 
    -0.728     -0.112     -0.258     -0.259      0.569 
     0.299      0.584      0.415      -0.33      0.536 

     0.323     0.0828      0.232     -0.259      0.536 

     -1.04   1.39e-16   1.73e-11   4.68e-12   1.09e-14 
  1.53e-16     -0.274   2.82e-11  -3.68e-16  -1.11e-16 
  1.73e-11   2.82e-11       0.54          0   6.84e-10 
  4.68e-12  -3.47e-16          0      0.643   4.83e-10 
  1.06e-14  -1.11e-16   6.84e-10   4.83e-10       2.45 
=======
   -0.0921      0.451      0.581       1.21      0.537 
     -0.23     0.0921    -0.0799      0.122     -0.393 
    0.0799      0.581      0.642     0.0286      0.248 
    -0.122       1.21     0.0286       0.32       0.99 
     0.393      0.537      0.248       0.99      0.682 
>>>>>>> f9e3542bdb268a4910d2bec34b4efa428c3e4fa4
