rmax: 10, dr: 0.3
Random matrix A
     0.249      0.111      0.467      0.772      0.658 
     0.111      0.433      0.354      0.944      0.101 
     0.467      0.354      0.642     0.0286      0.248 
     0.772      0.944     0.0286       0.32       0.99 
     0.658      0.101      0.248       0.99      0.682 
Matrix V consisting of eigenvectors
     0.323     -0.772      0.332     0.0459      0.433 
     0.476     0.0822     -0.773      0.194      0.363 
    -0.222      0.207      0.232      0.886      0.264 
    -0.728     -0.112     -0.258     -0.259      0.569 
     0.299      0.585      0.415      -0.33      0.536 

Vector w consisting of eigenvalues
     -1.04     -0.274       0.54      0.643       2.45 
Diagonal Matrix D

     -1.04          0  -0.000204  -0.000139   -5.4e-06 
  1.73e-18     -0.274   0.000607   5.17e-05  -1.17e-08 
 -0.000204   0.000607       0.54          0    0.00107 
 -0.000139   5.17e-05  -4.86e-17      0.643   0.000995 
  -5.4e-06  -1.17e-08    0.00107   0.000995       2.45 

Does V_transpose*A*V=D
True

Does V*D*V_transpose=A
True

Does V*V_transpose=IdMatrix
True

Does V_transpose*V=IdMatrix
True

      7.78      -5.56          0          0          0          0          0          0          0          0          0          0          0          0          0          0          0          0          0          0          0          0          0          0          0          0          0          0          0          0          0          0 
     -5.56       9.44      -5.56          0          0          0          0          0          0          0          0          0          0          0          0          0          0          0          0          0          0          0          0          0          0          0          0          0          0          0          0          0 
         0      -5.56         10      -5.56          0          0          0          0          0          0          0          0          0          0          0          0          0          0          0          0          0          0          0          0          0          0          0          0          0          0          0          0 
         0          0      -5.56       10.3      -5.56          0          0          0          0          0          0          0          0          0          0          0          0          0          0          0          0          0          0          0          0          0          0          0          0          0          0          0 
         0          0          0      -5.56       10.4      -5.56          0          0          0          0          0          0          0          0          0          0          0          0          0          0          0          0          0          0          0          0          0          0          0          0          0          0 
         0          0          0          0      -5.56       10.6      -5.56          0          0          0          0          0          0          0          0          0          0          0          0          0          0          0          0          0          0          0          0          0          0          0          0          0 
         0          0          0          0          0      -5.56       10.6      -5.56          0          0          0          0          0          0          0          0          0          0          0          0          0          0          0          0          0          0          0          0          0          0          0          0 
         0          0          0          0          0          0      -5.56       10.7      -5.56          0          0          0          0          0          0          0          0          0          0          0          0          0          0          0          0          0          0          0          0          0          0          0 
         0          0          0          0          0          0          0      -5.56       10.7      -5.56          0          0          0          0          0          0          0          0          0          0          0          0          0          0          0          0          0          0          0          0          0          0 
         0          0          0          0          0          0          0          0      -5.56       10.8      -5.56          0          0          0          0          0          0          0          0          0          0          0          0          0          0          0          0          0          0          0          0          0 
         0          0          0          0          0          0          0          0          0      -5.56       10.8      -5.56          0          0          0          0          0          0          0          0          0          0          0          0          0          0          0          0          0          0          0          0 
         0          0          0          0          0          0          0          0          0          0      -5.56       10.8      -5.56          0          0          0          0          0          0          0          0          0          0          0          0          0          0          0          0          0          0          0 
         0          0          0          0          0          0          0          0          0          0          0      -5.56       10.9      -5.56          0          0          0          0          0          0          0          0          0          0          0          0          0          0          0          0          0          0 
         0          0          0          0          0          0          0          0          0          0          0          0      -5.56       10.9      -5.56          0          0          0          0          0          0          0          0          0          0          0          0          0          0          0          0          0 
         0          0          0          0          0          0          0          0          0          0          0          0          0      -5.56       10.9      -5.56          0          0          0          0          0          0          0          0          0          0          0          0          0          0          0          0 
         0          0          0          0          0          0          0          0          0          0          0          0          0          0      -5.56       10.9      -5.56          0          0          0          0          0          0          0          0          0          0          0          0          0          0          0 
         0          0          0          0          0          0          0          0          0          0          0          0          0          0          0      -5.56       10.9      -5.56          0          0          0          0          0          0          0          0          0          0          0          0          0          0 
         0          0          0          0          0          0          0          0          0          0          0          0          0          0          0          0      -5.56       10.9      -5.56          0          0          0          0          0          0          0          0          0          0          0          0          0 
         0          0          0          0          0          0          0          0          0          0          0          0          0          0          0          0          0      -5.56       10.9      -5.56          0          0          0          0          0          0          0          0          0          0          0          0 
         0          0          0          0          0          0          0          0          0          0          0          0          0          0          0          0          0          0      -5.56       10.9      -5.56          0          0          0          0          0          0          0          0          0          0          0 
         0          0          0          0          0          0          0          0          0          0          0          0          0          0          0          0          0          0          0      -5.56         11      -5.56          0          0          0          0          0          0          0          0          0          0 
         0          0          0          0          0          0          0          0          0          0          0          0          0          0          0          0          0          0          0          0      -5.56         11      -5.56          0          0          0          0          0          0          0          0          0 
         0          0          0          0          0          0          0          0          0          0          0          0          0          0          0          0          0          0          0          0          0      -5.56         11      -5.56          0          0          0          0          0          0          0          0 
         0          0          0          0          0          0          0          0          0          0          0          0          0          0          0          0          0          0          0          0          0          0      -5.56         11      -5.56          0          0          0          0          0          0          0 
         0          0          0          0          0          0          0          0          0          0          0          0          0          0          0          0          0          0          0          0          0          0          0      -5.56         11      -5.56          0          0          0          0          0          0 
         0          0          0          0          0          0          0          0          0          0          0          0          0          0          0          0          0          0          0          0          0          0          0          0      -5.56         11      -5.56          0          0          0          0          0 
         0          0          0          0          0          0          0          0          0          0          0          0          0          0          0          0          0          0          0          0          0          0          0          0          0      -5.56         11      -5.56          0          0          0          0 
         0          0          0          0          0          0          0          0          0          0          0          0          0          0          0          0          0          0          0          0          0          0          0          0          0          0      -5.56         11      -5.56          0          0          0 
         0          0          0          0          0          0          0          0          0          0          0          0          0          0          0          0          0          0          0          0          0          0          0          0          0          0          0      -5.56         11      -5.56          0          0 
         0          0          0          0          0          0          0          0          0          0          0          0          0          0          0          0          0          0          0          0          0          0          0          0          0          0          0          0      -5.56         11      -5.56          0 
         0          0          0          0          0          0          0          0          0          0          0          0          0          0          0          0          0          0          0          0          0          0          0          0          0          0          0          0          0      -5.56         11      -5.56 
         0          0          0          0          0          0          0          0          0          0          0          0          0          0          0          0          0          0          0          0          0          0          0          0          0          0          0          0          0          0      -5.56         11 
7.77777777777778

    -0.489   0.000438  -5.85e-05   8.75e-05   0.000242  -0.000522   9.85e-05  -0.000643   0.000778   -0.00147    2.3e-06   -0.00195    0.00185   -0.00187    0.00214   0.000482  -0.000663    0.00312   0.000149    0.00166   -0.00231  -0.000287    0.00195    0.00364   -0.00203   0.000434  -0.000436  -0.000927   0.000418    0.00103   -0.00147  -0.000317 
  0.000438     -0.111  -0.000243  -6.61e-05   2.58e-05   -2.8e-06   6.24e-07  -8.59e-05   4.94e-05  -3.61e-05    0.00176   8.27e-06  -1.64e-05    0.00278   -0.00298    -0.0029   -0.00116  -0.000214   -0.00245   -0.00096  -0.000523   0.000198  -0.000119    -0.0033    0.00422    0.00314   -0.00233   -0.00147   0.000932   0.000126    0.00211   -0.00101 
 -5.85e-05  -0.000243     0.0963    -0.0003   6.19e-05  -4.15e-06    7.1e-07  -0.000384   9.49e-05  -9.24e-05  -0.000131   8.56e-05  -0.000104  -2.49e-05  -9.78e-06  -0.000802   -0.00157  -0.000729   -0.00145  -0.000652   -0.00046   0.000124   6.78e-05   0.000159   5.69e-05    0.00069  -0.000684   -0.00154   0.000171   0.000932   -0.00299      0.002 
  8.75e-05  -6.61e-05    -0.0003      0.412   9.74e-05  -1.81e-06   5.17e-07    0.00128   2.72e-05  -9.76e-05  -3.85e-05    0.00157   -0.00195     0.0025   -0.00257   -0.00101   -0.00104  -0.000808  -0.000938   -0.00041   -0.00024   6.45e-05   0.000149   -0.00304    0.00398          0    -0.0035  -0.000985     0.0039  -0.000328  -0.000104   0.000456 
  0.000242   2.58e-05   6.19e-05   9.74e-05       0.83   2.33e-07  -4.34e-19  -0.000183   2.14e-05   1.67e-05   1.01e-05   3.61e-05  -5.93e-05   8.02e-05    0.00265    0.00109    0.00127    0.00104   0.000923    0.00043   0.000208  -0.000115   -0.00105   0.000352   -0.00243   -0.00222     0.0023   0.000777   -0.00151   -0.00145    0.00145    -0.0017 
 -0.000522   -2.8e-06  -4.15e-06  -1.81e-06   2.33e-07       1.34  -0.000146   4.34e-05  -1.38e-05   -6.3e-06   6.32e-07   -0.00114   0.000633  -0.000951   0.000726   0.000131   0.000531    0.00028   0.000342   0.000313   0.000217   -2.2e-05   5.28e-05   0.000399   -0.00113   -0.00138    0.00128    -0.0011   0.000614   0.000351   -0.00168   0.000153 
  9.85e-05   6.24e-07    7.1e-07   5.17e-07    6.9e-16  -0.000146       1.94    -0.0004   1.85e-06   1.25e-07   7.68e-07   0.000225  -0.000571   0.000418   -0.00109   -0.00136  -0.000505  -7.93e-05  -0.000122  -0.000201   -9.4e-05   2.16e-05    0.00321    0.00054   0.000288   -0.00158    0.00118    0.00159   -0.00201    -0.0015  -0.000748   0.000883 
 -0.000643  -8.59e-05  -0.000384    0.00128  -0.000183   4.34e-05    -0.0004       2.62  -2.91e-05  -1.84e-05  -1.35e-06  -1.21e-06    0.00111  -0.000261   0.000238  -2.08e-05  -8.57e-05  -1.09e-05   0.000101  -5.23e-06   -0.00166    -0.0017   -0.00194   0.000265   -0.00081   0.000382   0.000772  -5.98e-05   0.000117   0.000399   0.000671    0.00249 
  0.000778   4.94e-05   9.49e-05   2.72e-05   2.14e-05  -1.38e-05   1.85e-06  -2.91e-05       3.38   9.74e-06   3.81e-06    0.00154  -0.000519   0.000468   0.000116   1.44e-05   1.52e-06   0.000115  -0.000173   5.36e-05   1.74e-05   -0.00348     0.0022    0.00107  -0.000688    -0.0012   0.000999   0.000782   -0.00032  -0.000337  -4.01e-05    0.00158 
  -0.00147  -3.61e-05  -9.24e-05  -9.76e-05   1.67e-05   -6.3e-06   1.25e-07  -1.84e-05   9.74e-06       4.21  -6.16e-07  -0.000244   -0.00107  -0.000212  -0.000538   1.27e-05   3.03e-05   0.000119  -0.000294    0.00285   -0.00116  -0.000945   2.86e-06   -0.00211   2.88e-05    0.00246   -0.00247  -0.000341   0.000594  -0.000267   -0.00163   -0.00254 
   2.3e-06    0.00176  -0.000131  -3.85e-05   1.01e-05   6.32e-07   7.68e-07  -1.35e-06   3.81e-06  -6.16e-07       5.09  -3.88e-08   0.000104    0.00103   0.000317  -4.22e-05  -2.32e-05  -0.000125   0.000199   -0.00193  -0.000277     0.0019   5.59e-06    0.00198    -0.0025  -0.000786   0.000701  -7.22e-05    -0.0001   0.000338    0.00246  -0.000512 
  -0.00195   8.27e-06   8.56e-05    0.00157   3.61e-05   -0.00114   0.000225  -1.21e-06    0.00154  -0.000244  -3.88e-08       6.02  -6.19e-07   0.000487  -0.000581  -3.65e-05   1.88e-06   -0.00105   -2.3e-06  -0.000221    0.00284   -0.00143   0.000656  -0.000316   -8.8e-05  -0.000315    0.00034   0.000194  -3.15e-05  -0.000105   0.000447    0.00037 
   0.00185  -1.64e-05  -0.000104   -0.00195  -5.93e-05   0.000633  -0.000571    0.00111  -0.000519   -0.00107   0.000104  -6.19e-07          7   0.000454  -0.000245   2.73e-05   1.17e-05    0.00014   -0.00158   -0.00145   0.000983  -0.000596    0.00188   -0.00147    0.00125   0.000799  -0.000413   -9.4e-05   -0.00107  -0.000262  -0.000328   -0.00287 
  -0.00187    0.00278  -2.49e-05     0.0025   8.02e-05  -0.000951   0.000418  -0.000261   0.000468  -0.000212    0.00103   0.000487   0.000454       8.01  -0.000503    0.00014   3.92e-05   0.000333   7.92e-05   6.11e-06   1.09e-05   0.000351  -5.26e-06   -0.00213   1.19e-05    0.00124   -0.00147   0.000204  -6.78e-05  -0.000538   -0.00016   -0.00311 
   0.00214   -0.00298  -9.78e-06   -0.00257    0.00265   0.000726   -0.00109   0.000238   0.000116  -0.000538   0.000317  -0.000581  -0.000245  -0.000503       9.05   0.000231   5.18e-05   0.000374     0.0005   4.86e-05   3.44e-06   -0.00048   8.02e-06   1.36e-06    1.8e-08    0.00166   -0.00137   7.24e-05   0.000233  -0.000496  -0.000118    0.00296 
  0.000482    -0.0029  -0.000802   -0.00101    0.00109   0.000131   -0.00136  -2.08e-05   1.44e-05   1.27e-05  -4.22e-05  -3.65e-05   2.73e-05    0.00014   0.000231       10.1  -4.47e-05  -0.000531    4.7e-05  -1.26e-07    0.00075  -1.57e-05  -3.28e-06    0.00107   -0.00184  -0.000725    0.00047  -7.15e-05   3.44e-05   0.000247   -0.00219   0.000198 
 -0.000663   -0.00116   -0.00157   -0.00104    0.00127   0.000531  -0.000505  -8.57e-05   1.52e-06   3.03e-05  -2.32e-05   1.88e-06   1.17e-05   3.92e-05   5.18e-05  -4.47e-05       11.2  -0.000221   0.000206   1.17e-05    0.00171  -2.64e-05  -5.79e-06      7e-05  -0.000772  -0.000409   0.000382  -1.01e-05    0.00179    0.00027   4.72e-05   5.38e-05 
   0.00312  -0.000214  -0.000729  -0.000808    0.00104    0.00028  -7.93e-05  -1.09e-05   0.000115   0.000119  -0.000125   -0.00105    0.00014   0.000333   0.000374  -0.000531  -0.000221       12.2  -3.47e-18   8.05e-05   3.75e-05  -4.99e-05   1.23e-05  -7.59e-06   2.31e-06   9.33e-06    0.00226  -5.68e-05  -0.000474    0.00115   0.000717   0.000135 
  0.000149   -0.00245   -0.00145  -0.000938   0.000923   0.000342  -0.000122   0.000101  -0.000173  -0.000294   0.000199   -2.3e-06   -0.00158   7.92e-05     0.0005    4.7e-05   0.000206   5.03e-16       13.3   0.000206  -6.45e-05   4.65e-05    4.2e-06   4.45e-06   1.06e-07  -5.47e-06    -0.0015   5.75e-05   0.000397  -0.000396  -0.000488  -0.000183 
   0.00166   -0.00096  -0.000652   -0.00041    0.00043   0.000313  -0.000201  -5.23e-06   5.36e-05    0.00285   -0.00193  -0.000221   -0.00145   6.11e-06   4.86e-05  -1.26e-07   1.17e-05   8.05e-05   0.000206       14.3  -1.62e-05  -1.08e-05   6.67e-07    0.00126  -0.000151   -0.00152  -0.000301  -4.72e-05   0.000276   2.05e-05  -1.35e-05  -2.93e-06 
  -0.00231  -0.000523   -0.00046   -0.00024   0.000208   0.000217   -9.4e-05   -0.00166   1.74e-05   -0.00116  -0.000277    0.00284   0.000983   1.09e-05   3.44e-06    0.00075    0.00171   3.75e-05  -6.45e-05  -1.62e-05       15.3  -1.94e-05  -7.22e-06   -0.00121   -0.00177     0.0007   0.000615   0.000314  -0.000213  -3.55e-05  -7.52e-05   0.000538 
 -0.000287   0.000198   0.000124   6.45e-05  -0.000115   -2.2e-05   2.16e-05    -0.0017   -0.00348  -0.000945     0.0019   -0.00143  -0.000596   0.000351   -0.00048  -1.57e-05  -2.64e-05  -4.99e-05   4.65e-05  -1.08e-05  -1.94e-05       16.2  -6.67e-06  -0.000794   -0.00158   3.84e-05   0.000871   0.000211   -0.00012   2.75e-06  -6.43e-06   -0.00174 
   0.00195  -0.000119   6.78e-05   0.000149   -0.00105   5.28e-05    0.00321   -0.00194     0.0022   2.86e-06   5.59e-06   0.000656    0.00188  -5.26e-06   8.02e-06  -3.28e-06  -5.79e-06   1.23e-05    4.2e-06   6.67e-07  -7.22e-06  -6.67e-06       17.1  -1.24e-05  -1.62e-07   4.69e-06    0.00129   0.000204  -6.16e-05   4.95e-05   1.72e-06   2.07e-05 
   0.00364    -0.0033   0.000159   -0.00304   0.000352   0.000399    0.00054   0.000265    0.00107   -0.00211    0.00198  -0.000316   -0.00147   -0.00213   1.36e-06    0.00107      7e-05  -7.59e-06   4.45e-06    0.00126   -0.00121  -0.000794  -1.24e-05       17.9  -1.39e-17  -5.57e-05   0.000386   6.57e-05  -0.000346   2.19e-05  -9.53e-06  -8.63e-06 
  -0.00203    0.00422   5.69e-05    0.00398   -0.00243   -0.00113   0.000288   -0.00081  -0.000688   2.88e-05    -0.0025   -8.8e-05    0.00125   1.19e-05    1.8e-08   -0.00184  -0.000772   2.31e-06   1.06e-07  -0.000151   -0.00177   -0.00158  -1.62e-07   2.11e-15       18.7  -0.000153   0.000704    0.00014   6.52e-05  -0.000642  -0.000251    2.2e-06 
  0.000434    0.00314    0.00069   6.83e-16   -0.00222   -0.00138   -0.00158   0.000382    -0.0012    0.00246  -0.000786  -0.000315   0.000799    0.00124    0.00166  -0.000725  -0.000409   9.33e-06  -5.47e-06   -0.00152     0.0007   3.84e-05   4.69e-06  -5.57e-05  -0.000153       19.4  -8.06e-07    9.8e-05    0.00092   8.06e-07   3.63e-05   1.66e-05 
 -0.000436   -0.00233  -0.000684    -0.0035     0.0023    0.00128    0.00118   0.000772   0.000999   -0.00247   0.000701    0.00034  -0.000413   -0.00147   -0.00137    0.00047   0.000382    0.00226    -0.0015  -0.000301   0.000615   0.000871    0.00129   0.000386   0.000704  -8.06e-07       20.1   0.000148   0.000347  -9.85e-06   1.07e-05   3.84e-06 
 -0.000927   -0.00147   -0.00154  -0.000985   0.000777    -0.0011    0.00159  -5.98e-05   0.000782  -0.000341  -7.22e-05   0.000194   -9.4e-05   0.000204   7.24e-05  -7.15e-05  -1.01e-05  -5.68e-05   5.75e-05  -4.72e-05   0.000314   0.000211   0.000204   6.57e-05    0.00014    9.8e-05   0.000148       20.6   0.000143   1.01e-05   5.49e-07   0.000897 
  0.000418   0.000932   0.000171     0.0039   -0.00151   0.000614   -0.00201   0.000117   -0.00032   0.000594    -0.0001  -3.15e-05   -0.00107  -6.78e-05   0.000233   3.44e-05    0.00179  -0.000474   0.000397   0.000276  -0.000213   -0.00012  -6.16e-05  -0.000346   6.52e-05    0.00092   0.000347   0.000143       21.1   0.000155  -1.24e-05  -1.57e-07 
   0.00103   0.000126   0.000932  -0.000328   -0.00145   0.000351    -0.0015   0.000399  -0.000337  -0.000267   0.000338  -0.000105  -0.000262  -0.000538  -0.000496   0.000247    0.00027    0.00115  -0.000396   2.05e-05  -3.55e-05   2.75e-06   4.95e-05   2.19e-05  -0.000642   8.06e-07  -9.85e-06   1.01e-05   0.000155       21.5   2.81e-06   9.39e-09 
  -0.00147    0.00211   -0.00299  -0.000104    0.00145   -0.00168  -0.000748   0.000671  -4.01e-05   -0.00163    0.00246   0.000447  -0.000328   -0.00016  -0.000118   -0.00219   4.72e-05   0.000717  -0.000488  -1.35e-05  -7.52e-05  -6.43e-06   1.72e-06  -9.53e-06  -0.000251   3.63e-05   1.07e-05   5.49e-07  -1.24e-05   2.81e-06       21.8  -4.24e-07 
 -0.000317   -0.00101      0.002   0.000456    -0.0017   0.000153   0.000883    0.00249    0.00158   -0.00254  -0.000512    0.00037   -0.00287   -0.00311    0.00296   0.000198   5.38e-05   0.000135  -0.000183  -2.93e-06   0.000538   -0.00174   2.07e-05  -8.63e-06    2.2e-06   1.66e-05   3.84e-06   0.000897  -1.57e-07   9.39e-09  -4.24e-07         22 
0.3
