Matrix A
     0.249      0.111      0.467      0.772 
     0.658      0.433      0.354      0.944 
     0.101      0.642     0.0286      0.248 
      0.32       0.99      0.682      0.655 
     0.283      0.615      0.704      0.702 
Matrix Q
       0.3     -0.218      0.501      0.723 
     0.793     -0.426     -0.402     -0.159 
     0.122       0.55     -0.545      0.581 
     0.386      0.626      0.152     -0.316 
     0.341      0.276      0.517     -0.118 
Matrix R
     0.829       1.05      0.928        1.5 
         0      0.935      0.385       0.17 
         0          0      0.544      0.334 
         0          0          0      0.263 
Matrix I
         1   1.25e-16   2.78e-16   2.78e-17 
  1.25e-16          1   1.67e-16          0 
  2.78e-16   1.67e-16          1   5.97e-16 
  2.78e-17          0   5.97e-16          1 
Matrix QR
     0.249      0.111      0.467      0.772 
     0.658      0.433      0.354      0.944 
     0.101      0.642     0.0286      0.248 
      0.32       0.99      0.682      0.655 
     0.283      0.615      0.704      0.702 
A=QR: True
Vector b      0.95     0.0934      0.161      0.382      0.798 
Vector x    -0.921     0.0811     -0.597       1.45 
Ax=b: False
b      0.95     0.0934      0.161      0.382      0.798 
Ax     0.621      0.588      0.302      0.329      0.388 
QRx     0.621      0.588      0.302      0.329      0.388 
