Matrix A
     0.249      0.111      0.467      0.772 
     0.658      0.433      0.354      0.944 
     0.101      0.642     0.0286      0.248 
      0.32       0.99      0.682      0.655 
     0.283      0.615      0.704      0.702 
Matrix Q
       0.3     -0.218      0.501      0.723 
     0.793     -0.426     -0.402     -0.159 
     0.122       0.55     -0.545      0.581 
     0.386      0.626      0.152     -0.316 
     0.341      0.276      0.517     -0.118 
Matrix R
     0.829       1.05      0.928        1.5 
         0      0.935      0.385       0.17 
         0          0      0.544      0.334 
         0          0          0      0.263 
Matrix I
         1   1.25e-16   2.78e-16   2.78e-17 
  1.25e-16          1   1.67e-16          0 
  2.78e-16   1.67e-16          1   5.97e-16 
  2.78e-17          0   5.97e-16          1 
Matrix QR
     0.249      0.111      0.467      0.772 
     0.658      0.433      0.354      0.944 
     0.101      0.642     0.0286      0.248 
      0.32       0.99      0.682      0.655 
     0.283      0.615      0.704      0.702 
A=QR: True
Square A matrix
      0.95     0.0934      0.161      0.382      0.798 
     0.169      0.794      0.307      0.823      0.886 
     0.556      0.717      0.699     0.0136      0.992 
     0.806      0.859     0.0625      0.514      0.525 
     0.273      0.994      0.691      0.387      0.434 
b Vector     0.675      0.677      0.473      0.245      0.353 
Square Q matrix
     0.678     -0.532      0.193      0.432     -0.184 
     0.121       0.52      -0.19      0.713      0.414 
     0.397      0.212      0.585     -0.388      0.553 
     0.575      0.165     -0.697     -0.394     -0.015 
     0.195      0.612      0.314     0.0105     -0.699 
Square R matrix
       1.4       1.13      0.594      0.735       1.43 
         0       1.26      0.655      0.549      0.598 
         0          0      0.555     -0.312      0.336 
         0          0          0      0.547      0.389 
         0          0          0          0      0.457 
Ax     0.675      0.677      0.473      0.245      0.353 
True
